4444444444444444444444444444444444444444444444444444444444444444444444444444444444444444444444444444
4444444444444444444444444444444444444444444444444444444444444444444444444444444444444444444444444444
4444444444444444444444444444444444444444444444444444444444444444444444444444444444444444444444444444
4444444444445555555555555555555555555555554444444444444444444444444444444444444444444444444444444444
4444444444445555555555555555555555555555554444444444444444444444444444444444444444444444444444444444
4444444444445555555555555555555555555555554444444444444444444444444444444444444444444444444444444444
4444444444445555555555555555555555555555554444444444444444444444444444444444444444444444444444444444
4444444444445555555555555555555555555555554444444444444444444444444444444444444444444444444444444444
4444444444445555555555555555555555555555554444444444444444444444444444444444444444444444444444444444
4444444444445555544444444444444444445555554444444444444444444444444444444444444444444444444444444444
4444444444445555544444444444444444445555554444444444444444444444444444444444444444444444444444444444
4444444444445555544444444444444444445555554444444444444444444444444444444444444444444444444444444444
4444444444445555544444444444444444445555554444444444444444444444444444444444444444444444444444444444
4444444444445555544444444444444444445555554444444444444444444444444444444444444444444444444444444444
4444444444445555544444444444444444445555554444444444444444444444444444444444444444444444444444444444
4444444444445555544444444444444444445555554444444444444444444444444444444444444444444444444444444444
4444444444445555544444444444444444445555554444444444444444444444444444444444444444444444444444444444
4444444444445555544444444444444444445555554444444444444444444444444444444444444444444444444444444444
4444444444445555544444444444444444445555555555555555555555555555555555555554444444444444444444444444
4444444444445555544444444444444444445555555555555555555555555555555555555554444444444444444444444444
4444444444445555544444444444444444445555555555555555555555555555555555555554444444444444444444444444
4444444444445555555544444444444444445555555555555555555555555555555555555555555555544444444444444444
4444444444445555555544444444444444445555555555555555555555555555555555555555555555544444444444444444
4444444444444455555544444444444444445555555555555555555555555555555555555555555555544444444444444444
4444444444444455555544444444444444444444444444444444444444444444444444444555555555544444444444444444
4444444444444455555544444444444444444444444444444444444444444444444444444555555555544444444444444444
4444444444444455555544444444444444444444444444444444444444444444444444444444445555544444444444444444
4444444444444455555555444444444444444444444444444444444444444444444444444444445555544444444444444444
4444444444444455555555444444444444444444444444444444444444444444444444444444445555544444444444444444
4444444444444455555555444444444444444444444444444444444444444444444444444444445555544444444444444444
4444444444444444455555444444444444444444444444444444444444444444444444444444445555544444444444444444
4444444444444444455555444444444444444444444444444444444444444444444444444444445555544444444444444444
4444444444444444455555444444444444444444444444444444444444444444444444444444445555544444444444444444
4444444444444444455555444444444444444444444444444444444444444444444444444444445555544444444444444444
4444444444444444455555444444444444444444444444444444444444444444444444444444445555544444444444444444
4444444444444444455555444444444444444444444444444444444444444444444444444444445555544444444444444444
4444444444444444499999444444444444444444444444444444444444444444444444444444445555544444444444444444
4444444444444444455555444444444444444444444444444444444444444444444444444444445555544444444444444444
4444444444444444455555444444444444444444444444444444444444444444444444444444445555544444444444444444
4444444444444444455555444444444444444444444444444444444444444444444444444444445555544444444444444444
4444444444444444455555554444444444444444444444444444444444444444444444444444445555544444444444444444
4444444444444444444555554444444444444444444444444444444444444444444444444444445555544444444444444444
4444444444444444444555554444444444444444444444444444444444444444444444444444445555544444444444444444
4444444444444444444555554444444444444444444444444444444444444444444444444444445555544444444444444444
4444444444444444444555554444444444444444444444444444444444444444444444444444445555544444444444444444
4444444444444444444555554444444444444444444444444444445555555555555555555555555555544444444444444444
4444444444444444444555554444444444444444444444444444445555555555555555555555555555544444444444444444
4444444444444444444555554444444444444444444444444444445555555555555555555555555555544444444444444444
4444444444444444444555554444444444444444444444555555555555555555555555555555555555544444444444444444
4444444444444444444555554444444444444444444444555555555555555555555555555555555555544444444444444444
4444444444444444444555554444444444444444444444555555555544444444444444444444444444444444444444444444
4444444444444444444555554444444444444444444444555555555544444444444444444444444444444444444444444444
4444444444444444444555554444444444444444444444555555555544444444444444444444444444444444444444444444
4444444444444444444555554444444444444444444444555554444444444444444444444444444444444444444444444444
4444444444444444444555554444444444444444444444555554444444444444444444444444444444444444444444444444
4444444444444444444555554444444444444444444444555554444444444444444444444444444444444444444444444444
4444444444444444444555554444444444444444444444555554444444444444444444444444444444444444444444444444
4444444444444444444555554444444444444444444444555554444444444444444444444444444444444444444444444444
4444444444444444444555554444444444444444444444555554444444444444444444444444444444444444444444444444
4444444444444444444555554444444444444444444444555554444444444444444444444444444444444444444444444444
4444444444444444444555554444444444444444444444555554444444444444444444444444444444444444444444444444
4444444444444444444555554444444444444444444444555554444444444444444444444444444444444444444444444444
4444444444444444444555554444444444444444444444555554444444444444444444444444444444444444444444444444
4444444444444444444555554444444444444444444444555554444444444444444444444444444444444444444444444444
4444444444444444444555554444444444444444444444555554444444444444444444444444444444444444444444444444
4444444444444444444555554444444444444444444444555554444444444444444444444444444444444444444444444444
4444444444444444444555554444444444444444444444555554444444444444444444444444444444444444444444444444
4444444444444444444555554444444444444444444444555554444444444444444444444444444444444444444444444444
4444444444444444444555554444444444444444444444555554444444444444444444444444444444444444444444444444
4444444444444444444555554444444444444444444444555554444444444444444444444444444444444444444444444444
4444444444444444444555554444444444444444444444555554444444444444444444444444444444444444444444444444
4444444444444444444555554444444444444444444444555554444444444444444444444444444444444444444444444444
4444444444444444444555554444444444444444444444555555555555555555555555555555555555555544444444444444
4444444444444444444555554444444444444444444444555555555555555555555555555555555555555544444444444444
4444444444444444444555554444444444444444444444555555555555555555555555555555555555555544444444444444
4444444444444444444555554444444444444444444444555555555555555555555555555555555555555544444444444444
4444444444444444444555554444444444444444444444555555555555555555555555555555555555555544444444444444
4444444444444444444555554444444444444444444444555555555555555555555555555555555555555544444444444444
4444444444444444444555555555555555555555555551111111111111111111111111111111111111111111111111111111111115555555555544444444444444
4444444444444444444555555555555555555555555555555555555555555555555555555555555555555544444444444444
4444444444444444444555555555555555555555555555555555555555555555555555555555555555555544444444444444
4444444444444444444555555555555555555555555555555555555555555555555555555555555555555544444444444444
4444444444444444444555555555555555555555555555555555555555555555555555555555555555555544444444444444
4444444444444444444555555555555555555555555555555555555555555555555555555555555555555544444444444444
4444444444444444444444444444444444444444444444444444444444444444444444444444444444444444444444444444
4444444444444444444444444444444444444444444444444444444444444444444444444444444444444444444444444444
4444444444444444444444444444444444444444444444444444444444444444444444444444444444444444444444444444
4444444444444444444444444444444444444444444444444444444444444444444444444444444444444444444444444444
4444444444444444444444444444444444444444444444444444444444444444444444444444444444444444444444444444
4444444444444444444444444444444444444444444444444444444444444444444444444444444444444444444444444444
4444444444444444444444444444444444444444444444444444444444444444444444444444444444444444444444444444
4444444444444444444444444444444444444444444444444444444444444444444444444444444444444444444444444444
4444444444444444444444444444444444444444444444444444444444444444444444444444444444444444444444444444
4444444444444444444444444444444444444444444444444444444444444444444444444444444444444444444444444444
4444444444444444444444444444444444444444444444444444444444444444444444444444444444444444444444444444
4444444444444444444444444444444444444444444444444444444444444444444444444444444444444444444444444444
4444444444444444444444444444444444444444444444444444444444444444444444444444444444444444444444444444
4444444444444444444444444444444444444444444444444444444444444444444444444444444444444444444444444444
4444444444444444444444444444444444444444444444444444444444444444444444444444444444444444444444444444

4444444444444444444555554444444444444444444444444444445555555555555555555555555555544444444444444444
4444444444444444444555554444444444444444444444444444445555555555555555555555555555544444444444444444
4444444444444444444555554444444444444444444444555555555555555555555555555555555555544444444444444444
4444444444444444444555554444444444444444444444555555555555555555555555555555555555544444444444444444
4444444444444444444555554444444444444444444444555555555544444444444444444444444444444444444444444444
4444444444444444444555554444444444444444444444555555555544444444444444444444444444444444444444444444
4444444444444444444555554444444444444444444444555555555544444444444444444444444444444444444444444444
4444444444444444444555554444444444444444444444555554444444444444444444444444444444444444444444444444
4444444444444444444555554444444444444444444444555554444444444444444444444444444444444444444444444444
4444444444444444444555554444444444444444444444555554444444444444444444444444444444444444444444444444
4444444444444444444555554444444444444444444444555554444444444444444444444444444444444444444444444444
4444444444444444444555554444444444444444444444555554444444444444444444444444444444444444444444444444
4444444444444444444555554444444444444444444444555554444444444444444444444444444444444444444444444444
4444444444444444444555554444444444444444444444555554444444444444444444444444444444444444444444444444
4444444444444444444555554444444444444444444444555554444444444444444444444444444444444444444444444444
4444444444444444444555554444444444444444444444555554444444444444444444444444444444444444444444444444
4444444444444444444555554444444444444444444444555554444444444444444444444444444444444444444444444444
4444444444444444444555554444444444444444444444555554444444444444444444444444444444444444444444444444
4444444444444444444555554444444444444444444444555554444444444444444444444444444444444444444444444444
4444444444444444444555554444444444444444444444555554444444444444444444444444444444444444444444444444
4444444444444444444555554444444444444444444444555554444444444444444444444444444444444444444444444444
4444444444444444444555554444444444444444444444555554444444444444444444444444444444444444444444444444
4444444444444444444555554444444444444444444444555554444444444444444444444444444444444444444444444444
4444444444444444444555554444444444444444444444555554444444444444444444444444444444444444444444444444
4444444444444444444555554444444444444444444444555554444444444444444444444444444444444444444444444444
4444444444444444444555554444444444444444444444555554444444444444444444444444444444444444444444444444
4444444444444444444555554444444444444444444444555555555555555555555555555555555555555544444444444444
4444444444444444444555554444444444444444444444555555555555555555555555555555555555555544444444444444
4444444444444444444555554444444444444444444444555555555555555555555555555555555555555544444444444444
4444444444444444444555554444444444444444444444555555555555555555555555555555555555555544444444444444
4444444444444444444555554444444444444444444444555555555555555555555555555555555555555544444444444444
4444444444444444444555554444444444444444444444555555555555555555555555555555555555555544444444444444
4444444444444444444555555555555555555555555551111111111111111111111111111115555555555544444444444444
4444444444444444444555555555555555555555555555555555555555555555555555555555555555555544444444444444
4444444444444444444555555555555555555555555555555555555555555555555555555555555555555544444444444444
4444444444444444444555555555555555555555555555555555555555555555555555555555555555555544444444444444
4444444444444444444555555555555555555555555555555555555555555555555555555555555555555544444444444444
4444444444444444444555555555555555555555555555555555555555555555555555555555555555555544444444444444
4444444444444444444444444444444444444444444444444444444444444444444444444444444444444444444444444444
4444444444444444444444444444444444444444444444444444444444444444444444444444444444444444444444444444
4444444444444444444444444444444444444444444444444444444444444444444444444444444444444444444444444444
4444444444444444444444444444444444444444444444444444444444444444444444444444444444444444444444444444
4444444444444444444444444444444444444444444444444444444444444444444444444444444444444444444444444444
4444444444444444444444444444444444444444444444444444444444444444444444444444444444444444444444444444
4444444444444444444444444444444444444444444444444444444444444444444444444444444444444444444444444444
4444444444444444444444444444444444444444444444444444444444444444444444444444444444444444444444444444
4444444444444444444444444444444444444444444444444444444444444444444444444444444444444444444444444444
4444444444444444444444444444444444444444444444444444444444444444444444444444444444444444444444444444
4444444444444444444444444444444444444444444444444444444444444444444444444444444444444444444444444444
4444444444444444444444444444444444444444444444444444444444444444444444444444444444444444444444444444
4444444444444444444444444444444444444444444444444444444444444444444444444444444444444444444444444444
4444444444444444444444444444444444444444444444444444444444444444444444444444444444444444444444444444
4444444444444444444444444444444444444444444444444444444444444444444444444444444444444444444444444444
